<Ticker>,<Per>,<DTYYYYMMDD>,<TIME>,<OPEN>,<HIGH>,<LOW>,<CLOSE>,<VOL>
AGHIGH,d,20220824,000000,47182,47309,47010,47309,99045
AGHIGH,d,20220827,000000,47500,47700,47200,47200,139014
AGHIGH,d,20220828,000000,47010,47430,46850,46850,340031
AGHIGH,d,20220829,000000,47000,47230,46900,47100,300246
AGHIGH,d,20220830,000000,47050,47150,46800,46910,58104
AGHIGH,d,20220831,000000,46800,46900,46800,46900,32125
AGHIGH,d,20220903,000000,46900,46900,46300,46600,82625
AGHIGH,d,20220904,000000,46700,46750,46700,46750,28220
AGHIGH,d,20220905,000000,46600,46900,46600,46700,157241
AGHIGH,d,20220906,000000,46300,46400,46300,46400,12091
AGHIGH,d,20220907,000000,46500,46600,46250,46250,438163
AGHIGH,d,20220910,000000,45600,45810,45600,45810,115209
AGHIGH,d,20220911,000000,45700,46300,45500,45500,42258
AGHIGH,d,20220912,000000,45600,45650,45350,45350,47099
AGHIGH,d,20220913,000000,45500,45950,45500,45600,6274
AGHIGH,d,20220914,000000,45580,45910,45400,45400,1758810
AGHIGH,d,20220918,000000,45700,45700,44900,44900,54314
AGHIGH,d,20220919,000000,44850,44900,44800,44800,28273
AGHIGH,d,20220920,000000,44500,44510,44500,44500,99469
AGHIGH,d,20220921,000000,44400,44400,44200,44200,26390
AGHIGH,d,20220924,000000,44200,44500,43500,43500,703
AGHIGH,d,20220926,000000,43300,43500,43300,43500,14036
AGHIGH,d,20220928,000000,43900,44210,43900,44210,8565
AGHIGH,d,20221001,000000,44190,44190,43000,43000,10264
AGHIGH,d,20221002,000000,42900,42900,42800,42800,38065
AGHIGH,d,20221003,000000,43000,43000,42800,42800,201850
AGHIGH,d,20221004,000000,42800,43000,42700,43000,4049
AGHIGH,d,20221008,000000,43000,43990,43000,43000,104733
AGHIGH,d,20221009,000000,42800,42800,42600,42600,1496
AGHIGH,d,20221010,000000,42600,42600,42600,42600,11470
AGHIGH,d,20221011,000000,42900,43600,42900,43000,12805
AGHIGH,d,20221012,000000,43440,43440,43440,43440,45718
AGHIGH,d,20221015,000000,43200,43200,43200,43200,16424
AGHIGH,d,20221016,000000,43000,43000,42900,42900,9993
AGHIGH,d,20221017,000000,42800,42800,42800,42800,12567
AGHIGH,d,20221018,000000,42900,43000,42900,42900,71036
AGHIGH,d,20221019,000000,43000,43000,42900,42900,4222
AGHIGH,d,20221022,000000,42800,42810,42700,42700,22701
AGHIGH,d,20221023,000000,42700,42710,42600,42600,71029
AGHIGH,d,20221024,000000,42700,42700,41800,41800,23244
AGHIGH,d,20221025,000000,41800,41900,41500,41500,14845
AGHIGH,d,20221026,000000,41200,41200,40500,40500,38253
AGHIGH,d,20221029,000000,40600,40900,40600,40800,18212
AGHIGH,d,20221030,000000,40800,41000,40800,41000,14397
AGHIGH,d,20221031,000000,41500,41700,41500,41700,10750
AGHIGH,d,20221101,000000,41900,41900,41900,41900,195
AGHIGH,d,20221102,000000,41900,41900,41800,41900,35427
AGHIGH,d,20221105,000000,42000,43500,42000,43500,141887
AGHIGH,d,20221106,000000,44640,44640,44290,44620,12501
AGHIGH,d,20221107,000000,45000,45500,44000,45300,597292
AGHIGH,d,20221108,000000,45800,46000,45800,45900,13246
AGHIGH,d,20221109,000000,45500,47070,45500,47070,22506
AGHIGH,d,20221112,000000,47100,47100,46300,46300,18840
AGHIGH,d,20221113,000000,46400,46400,46400,46400,1961
AGHIGH,d,20221114,000000,45800,45800,45700,45700,26914
AGHIGH,d,20221115,000000,45700,46150,45700,45800,49864
AGHIGH,d,20221116,000000,45800,46300,45800,45900,61379
AGHIGH,d,20221120,000000,45400,45900,45400,45900,6622
AGHIGH,d,20221121,000000,45900,46010,45900,45900,41000
AGHIGH,d,20221122,000000,45800,45800,45800,45800,16028
AGHIGH,d,20221123,000000,45900,45900,45900,45900,3423
AGHIGH,d,20221126,000000,46000,46000,45900,45900,12540
AGHIGH,d,20221127,000000,45700,45700,45700,45700,93002
AGHIGH,d,20221128,000000,45800,45900,45800,45800,18000
AGHIGH,d,20221129,000000,45800,45900,45800,45900,7131
AGHIGH,d,20221130,000000,46300,47220,46300,46300,10832
AGHIGH,d,20221203,000000,45900,45900,45900,45900,10770
AGHIGH,d,20221204,000000,45890,45890,45890,45890,152
AGHIGH,d,20221205,000000,45700,45710,45500,45500,33000
AGHIGH,d,20221206,000000,45200,45200,45200,45200,1750
AGHIGH,d,20221207,000000,45500,45500,45200,45200,90524
AGHIGH,d,20221210,000000,45000,45000,44600,44600,143133
AGHIGH,d,20221211,000000,44600,44800,44600,44800,10000
AGHIGH,d,20221212,000000,45000,45600,45000,45600,32890
AGHIGH,d,20221213,000000,47000,47000,46800,46800,13431
AGHIGH,d,20221214,000000,47000,47600,47000,47500,9244
AGHIGH,d,20221217,000000,47300,47600,47300,47600,37093
AGHIGH,d,20221218,000000,47900,48700,47900,48700,13384
AGHIGH,d,20221219,000000,48600,48600,48500,48500,54690
AGHIGH,d,20221220,000000,48000,48000,48000,48000,26644
AGHIGH,d,20221221,000000,48200,48200,48200,48200,10000
AGHIGH,d,20221224,000000,49000,49900,48600,49500,71506
AGHIGH,d,20221225,000000,49600,49800,49600,49800,17386
AGHIGH,d,20221226,000000,49800,50500,49800,50500,14524
AGHIGH,d,20221228,000000,50500,53000,50500,53000,83250
AGHIGH,d,20221231,000000,51000,52500,50000,50500,112636
AGHIGH,d,20230101,000000,50000,50070,50000,50000,66119
AGHIGH,d,20230102,000000,48500,50700,48500,50600,8522
AGHIGH,d,20230103,000000,50600,50600,50600,50600,616
AGHIGH,d,20230104,000000,50000,50000,50000,50000,6946
AGHIGH,d,20230107,000000,50000,51500,50000,51000,49238
AGHIGH,d,20230108,000000,52500,54500,52000,52620,33303
AGHIGH,d,20230109,000000,51800,54000,51800,52680,34786
AGHIGH,d,20230110,000000,49550,55000,49550,55000,242835
AGHIGH,d,20230111,000000,53040,53890,53000,53000,40605
AGHIGH,d,20230114,000000,52500,53500,52000,52700,65204
AGHIGH,d,20230116,000000,50100,54000,50100,53500,27022
AGHIGH,d,20230117,000000,53800,54010,53800,53900,136796
AGHIGH,d,20230118,000000,54200,54200,53610,54000,6095
AGHIGH,d,20230121,000000,53550,53550,53550,53550,10
AGHIGH,d,20230122,000000,53000,53300,52500,53000,45118
AGHIGH,d,20230123,000000,54000,54000,52500,52510,4903
AGHIGH,d,20230124,000000,53280,53470,51500,53470,1186752
AGHIGH,d,20230125,000000,50000,54500,50000,52800,70055
AGHIGH,d,20230128,000000,51010,51200,51010,51200,4503
AGHIGH,d,20230129,000000,50800,51010,49200,51010,129385
AGHIGH,d,20230130,000000,49000,49100,48820,49100,14216
AGHIGH,d,20230131,000000,49200,49300,49100,49100,50200
AGHIGH,d,20230201,000000,50450,51160,49500,49500,796090
AGHIGH,d,20230205,000000,50000,50040,49800,49800,244654
AGHIGH,d,20230206,000000,49400,50000,49400,50000,181241
AGHIGH,d,20230207,000000,50700,52740,50700,50910,4394
AGHIGH,d,20230208,000000,52740,52740,50990,50990,15021
AGHIGH,d,20230212,000000,50700,51000,50700,51000,15915
AGHIGH,d,20230213,000000,50800,50800,50750,50750,43474
AGHIGH,d,20230214,000000,50750,50750,50500,50500,4700
AGHIGH,d,20230215,000000,50500,50500,50400,50400,45991
AGHIGH,d,20230219,000000,51000,51000,50500,50500,15902
AGHIGH,d,20230220,000000,50800,53200,50800,52500,38062
AGHIGH,d,20230221,000000,54500,54500,52700,53500,48297
AGHIGH,d,20230222,000000,53200,53400,53200,53400,42536
AGHIGH,d,20230225,000000,54000,57950,54000,57800,170404
AGHIGH,d,20230226,000000,58300,59700,57980,59150,79810
AGHIGH,d,20230227,000000,59000,59800,58800,59800,28158
AGHIGH,d,20230228,000000,59500,60300,59400,59750,155318
AGHIGH,d,20230301,000000,61200,61500,59400,59400,83593
AGHIGH,d,20230304,000000,59400,59490,58650,59490,73580
AGHIGH,d,20230305,000000,59490,59490,58700,58700,16671
AGHIGH,d,20230306,000000,60390,60390,58400,59000,7200
AGHIGH,d,20230307,000000,60000,60000,59300,59900,16623
AGHIGH,d,20230311,000000,59600,60500,59450,59800,63970
AGHIGH,d,20230312,000000,59500,59500,59000,59010,37165
AGHIGH,d,20230313,000000,59100,59210,58800,58900,38212
AGHIGH,d,20230314,000000,59000,59060,58900,59000,62943
AGHIGH,d,20230315,000000,59000,60000,58650,60000,27391
AGHIGH,d,20230318,000000,62400,63280,62300,63280,18258
AGHIGH,d,20230319,000000,64500,66780,64000,65100,116358
AGHIGH,d,20230325,000000,66200,67400,66200,67400,15083
AGHIGH,d,20230326,000000,66200,67850,66200,67500,27318
AGHIGH,d,20230327,000000,66800,68600,66800,68600,13195
AGHIGH,d,20230328,000000,68710,70500,68700,70480,6559
AGHIGH,d,20230329,000000,70000,71000,69800,71000,19936
AGHIGH,d,20230403,000000,73590,73590,68560,71000,30411
AGHIGH,d,20230404,000000,72700,72700,70450,70450,22711
AGHIGH,d,20230405,000000,70000,71390,70000,71390,40289
AGHIGH,d,20230408,000000,72800,74600,71300,74490,31432
AGHIGH,d,20230409,000000,70910,76600,70910,76600,962935
AGHIGH,d,20230410,000000,77000,78500,74200,75550,56798
AGHIGH,d,20230411,000000,76200,76400,74600,76400,94879
AGHIGH,d,20230415,000000,78400,78400,76000,78200,32410
AGHIGH,d,20230416,000000,78500,80850,78500,80850,99229
AGHIGH,d,20230417,000000,81000,81800,80010,81780,49111
AGHIGH,d,20230418,000000,83000,84200,83000,83490,86075
AGHIGH,d,20230419,000000,84100,84200,82200,82630,62577
AGHIGH,d,20230424,000000,83000,84500,83000,84320,21715
AGHIGH,d,20230425,000000,85000,86600,85000,86600,85668
AGHIGH,d,20230426,000000,85500,85690,83000,84390,109075
AGHIGH,d,20230429,000000,83940,86300,83940,86300,56628
AGHIGH,d,20230430,000000,87500,87600,86150,87600,388675
AGHIGH,d,20230501,000000,88300,88710,87120,88710,38216
AGHIGH,d,20230502,000000,89490,90350,89000,90250,1153518
AGHIGH,d,20230503,000000,90320,92000,90320,91930,56036
AGHIGH,d,20230506,000000,91670,99000,91670,96600,135417
AGHIGH,d,20230507,000000,98930,98940,90300,91500,98402
AGHIGH,d,20230508,000000,89000,90000,84900,85410,298166
AGHIGH,d,20230509,000000,86000,91630,85860,87500,198849
AGHIGH,d,20230510,000000,87500,87700,81600,82600,142736
AGHIGH,d,20230513,000000,86740,86740,79100,80050,125915
AGHIGH,d,20230514,000000,81060,87000,81060,85000,86254
AGHIGH,d,20230515,000000,83680,84400,81000,82450,15022
AGHIGH,d,20230517,000000,82000,84800,82000,83760,17428
AGHIGH,d,20230520,000000,86490,86490,83910,83950,12397
AGHIGH,d,20230521,000000,83950,85000,83900,85000,11140
AGHIGH,d,20230522,000000,85900,86390,84660,86040,78976
AGHIGH,d,20230523,000000,85820,86500,85500,86000,18049
AGHIGH,d,20230524,000000,86500,87100,85800,86900,317744
AGHIGH,d,20230527,000000,85300,85500,84300,84300,16548
AGHIGH,d,20230528,000000,84500,84500,81500,81850,69148
AGHIGH,d,20230529,000000,82200,83000,82100,82400,23370
AGHIGH,d,20230530,000000,82500,84900,82300,84200,51230
AGHIGH,d,20230531,000000,82900,83800,82900,82900,12401
AGHIGH,d,20230603,000000,82600,84140,82600,84000,22223
AGHIGH,d,20230606,000000,84500,84990,83300,84980,34284
AGHIGH,d,20230607,000000,83800,84300,83800,83900,17531
AGHIGH,d,20230610,000000,83200,83200,80500,80510,10611
AGHIGH,d,20230611,000000,80400,81000,80400,81000,8463
AGHIGH,d,20230612,000000,80800,80800,77550,78450,23312
AGHIGH,d,20230613,000000,77960,80000,77960,80000,7168
AGHIGH,d,20230614,000000,81500,81500,80000,81500,16963
AGHIGH,d,20230617,000000,81500,82500,81500,82490,15673
AGHIGH,d,20230618,000000,79350,80000,79000,80000,6088
AGHIGH,d,20230619,000000,79150,81500,79150,79400,11182
AGHIGH,d,20230620,000000,79200,81490,78450,81490,19302
AGHIGH,d,20230621,000000,81490,82480,80010,82000,7843
AGHIGH,d,20230624,000000,81000,82200,80000,82190,5579
AGHIGH,d,20230625,000000,82000,82100,81000,81950,10389
AGHIGH,d,20230626,000000,80200,89700,80200,82590,97940
AGHIGH,d,20230627,000000,81510,84440,81500,82300,13548
AGHIGH,d,20230628,000000,81000,82490,78700,82460,230454
AGHIGH,d,20230701,000000,79700,82350,79200,79520,29436
AGHIGH,d,20230702,000000,79400,81840,79310,80100,36642
AGHIGH,d,20230703,000000,82000,82000,81500,82000,9000
AGHIGH,d,20230704,000000,82990,83000,81760,81760,53775
AGHIGH,d,20230705,000000,81750,82700,81750,82690,16322
AGHIGH,d,20230708,000000,82600,83080,82000,82380,7524
AGHIGH,d,20230709,000000,82920,82930,81010,81010,3677
AGHIGH,d,20230710,000000,82720,83000,80400,80400,7240
AGHIGH,d,20230711,000000,82000,82100,79810,80400,52227
AGHIGH,d,20230712,000000,77800,79850,77800,79850,55978
AGHIGH,d,20230715,000000,78990,79000,77900,77900,18472
AGHIGH,d,20230716,000000,79990,80000,78900,80000,20286
AGHIGH,d,20230717,000000,79000,79100,77800,79100,57205
AGHIGH,d,20230718,000000,78420,78450,77500,78440,14649
AGHIGH,d,20230719,000000,78000,78150,75500,75820,17644
AGHIGH,d,20230722,000000,74610,77900,74310,77900,4316
AGHIGH,d,20230723,000000,73600,74500,73600,74400,5639
AGHIGH,d,20230724,000000,76490,76800,76490,76600,15831
AGHIGH,d,20230725,000000,75360,76000,74450,74450,2612
AGHIGH,d,20230726,000000,74500,76000,74500,76000,12386
AGHIGH,d,20230729,000000,76100,76270,74150,74150,17463
AGHIGH,d,20230730,000000,74200,74200,72850,72850,6069
AGHIGH,d,20230731,000000,74000,74380,74000,74380,1218
AGHIGH,d,20230801,000000,73200,74500,73200,74500,18515
AGHIGH,d,20230805,000000,74560,76100,74550,76000,15653
AGHIGH,d,20230806,000000,76000,76000,75300,75700,3194
AGHIGH,d,20230807,000000,77490,77490,75500,75600,2078
AGHIGH,d,20230808,000000,75500,77300,75200,77300,6913
AGHIGH,d,20230809,000000,77000,77000,75300,75800,4522
AGHIGH,d,20230812,000000,74500,74500,72650,72650,2651
AGHIGH,d,20230813,000000,74920,75200,72200,75200,30309
AGHIGH,d,20230814,000000,73800,75480,73300,73300,15788
AGHIGH,d,20230815,000000,72800,72800,71800,72000,59055
AGHIGH,d,20230816,000000,72050,72060,71400,71800,215164
AGHIGH,d,20230819,000000,71800,73000,70500,72000,38523
AGHIGH,d,20230820,000000,72000,72000,70900,71150,28655
AGHIGH,d,20230821,000000,71700,71700,71300,71600,15972
AGHIGH,d,20230822,000000,71150,71500,70150,71500,14914
AGHIGH,d,20230823,000000,70900,72300,70900,72300,25171
AGHIGH,d,20230826,000000,72400,74450,72300,74400,3429
AGHIGH,d,20230827,000000,75390,76200,75390,75450,658
AGHIGH,d,20230828,000000,75460,76700,75460,76110,43523
AGHIGH,d,20230829,000000,76500,76800,76000,76800,28791
AGHIGH,d,20230830,000000,77000,77200,75860,77000,23297
AGHIGH,d,20230902,000000,77500,77600,77000,77300,43656
AGHIGH,d,20230903,000000,76100,77000,76100,76900,45105
AGHIGH,d,20230904,000000,77000,77000,76700,77000,6792
AGHIGH,d,20230905,000000,77000,77800,77000,77000,2136
AGHIGH,d,20230909,000000,77100,77840,77000,77000,5085
AGHIGH,d,20230910,000000,76100,77000,75900,76100,51193
AGHIGH,d,20230911,000000,76250,76800,76250,76550,5026
AGHIGH,d,20230912,000000,76500,77150,76500,76720,4164
AGHIGH,d,20230913,000000,76830,77650,76830,77650,3248
AGHIGH,d,20230917,000000,77850,78300,77780,77800,14417
AGHIGH,d,20230918,000000,77760,78400,77300,77300,430974
AGHIGH,d,20230919,000000,77900,77900,77250,77250,15000
AGHIGH,d,20230920,000000,77390,77700,77200,77700,653860
AGHIGH,d,20230923,000000,76700,77430,76700,77430,17082
AGHIGH,d,20230925,000000,76800,76840,76200,76220,253741
AGHIGH,d,20230926,000000,76800,76800,76100,76140,25100
AGHIGH,d,20230927,000000,76800,76800,76700,76700,23670
AGHIGH,d,20230930,000000,75800,76350,75800,75900,124210
AGHIGH,d,20231001,000000,75210,75710,75200,75300,25816
AGHIGH,d,20231002,000000,74600,75300,74600,75300,24482
AGHIGH,d,20231004,000000,75550,75640,74970,75450,5224
AGHIGH,d,20231007,000000,74460,74510,73500,73500,16971
AGHIGH,d,20231008,000000,71510,72300,71280,72100,916
AGHIGH,d,20231009,000000,72300,72300,71280,71900,1264
AGHIGH,d,20231010,000000,72390,73770,72120,73770,52743
AGHIGH,d,20231011,000000,73700,73700,72700,72700,9300
AGHIGH,d,20231014,000000,71350,71850,71100,71100,15071
AGHIGH,d,20231015,000000,71900,71900,71100,71350,55668
AGHIGH,d,20231016,000000,72100,73090,72100,73090,17783
AGHIGH,d,20231017,000000,72900,73200,72700,72700,47003
AGHIGH,d,20231018,000000,71900,72200,71900,72200,31608
AGHIGH,d,20231021,000000,72260,72400,72250,72400,42817
AGHIGH,d,20231022,000000,73100,73300,73100,73200,14040
AGHIGH,d,20231023,000000,72700,72700,72700,72700,143
AGHIGH,d,20231024,000000,72000,72000,70500,71220,20795
AGHIGH,d,20231025,000000,71300,71630,70900,71200,2744
AGHIGH,d,20231028,000000,71000,71000,68610,68900,26604
AGHIGH,d,20231029,000000,68200,69280,68200,69280,16270
AGHIGH,d,20231030,000000,70400,71480,70100,70600,224646
AGHIGH,d,20231031,000000,71300,71300,70000,70000,2291
AGHIGH,d,20231101,000000,69700,70350,68500,70350,86171
AGHIGH,d,20231104,000000,70500,71690,70500,71220,375
AGHIGH,d,20231105,000000,71400,72070,71400,71800,12083
AGHIGH,d,20231106,000000,72590,73100,72310,72710,307760
AGHIGH,d,20231107,000000,72810,74900,72810,73810,21651
AGHIGH,d,20231108,000000,73510,74500,73500,74090,5696
AGHIGH,d,20231111,000000,73810,73810,73500,73500,2000
AGHIGH,d,20231112,000000,73410,73990,73400,73990,30842
AGHIGH,d,20231113,000000,74230,74250,73310,73310,529
AGHIGH,d,20231114,000000,73500,73500,73070,73080,422671
AGHIGH,d,20231115,000000,73800,73800,72800,72800,2940
AGHIGH,d,20231118,000000,73010,73010,72600,72810,29769
AGHIGH,d,20231119,000000,72650,72650,72600,72600,49
AGHIGH,d,20231120,000000,72300,72300,72000,72150,12235
AGHIGH,d,20231121,000000,72550,72550,72420,72420,145447
AGHIGH,d,20231122,000000,72550,73010,72550,73010,1213
AGHIGH,d,20231125,000000,72700,73200,72600,72950,5614
AGHIGH,d,20231126,000000,72700,72850,72650,72850,6300
AGHIGH,d,20231127,000000,73350,73350,73350,73350,355
AGHIGH,d,20231128,000000,73300,73570,73300,73570,1364
AGHIGH,d,20231129,000000,74650,75000,74600,74630,2452
AGHIGH,d,20231202,000000,75350,76600,75350,76100,34403
AGHIGH,d,20231203,000000,76000,77500,75750,77500,20796
AGHIGH,d,20231204,000000,77600,77900,77450,77700,13025
AGHIGH,d,20231205,000000,77460,78550,77460,78100,8219
AGHIGH,d,20231206,000000,77900,78200,77900,78200,1907
AGHIGH,d,20231209,000000,78000,78100,77300,77300,23547
AGHIGH,d,20231210,000000,77300,78000,77300,77700,831438
AGHIGH,d,20231211,000000,78110,78200,77920,78100,41943
AGHIGH,d,20231212,000000,77900,77910,77800,77900,661668
AGHIGH,d,20231213,000000,77390,77600,77390,77600,95618
AGHIGH,d,20231216,000000,77700,78300,77540,78000,357864
AGHIGH,d,20231218,000000,78320,79800,78320,79370,1414605
AGHIGH,d,20231219,000000,79500,79790,79000,79190,348003
AGHIGH,d,20231220,000000,79790,79790,79000,79100,68209
AGHIGH,d,20231223,000000,79100,79660,79010,79110,98973
AGHIGH,d,20231224,000000,79090,79090,78700,78700,8693
AGHIGH,d,20231225,000000,79190,79190,78700,78700,33510
AGHIGH,d,20231226,000000,77810,78460,77810,78010,2581983
AGHIGH,d,20231227,000000,78000,78400,78000,78400,61575
AGHIGH,d,20231230,000000,78810,78810,78490,78490,616499
AGHIGH,d,20231231,000000,78400,78400,78010,78150,405448
AGHIGH,d,20240101,000000,77800,78190,77510,77600,267488
AGHIGH,d,20240102,000000,77800,77800,77450,77500,316561
AGHIGH,d,20240103,000000,78090,78090,77600,77800,71618
AGHIGH,d,20240106,000000,77910,78000,77510,78000,492154
AGHIGH,d,20240107,000000,77990,78000,77930,77930,402079
AGHIGH,d,20240108,000000,78000,78200,77900,77900,292917
AGHIGH,d,20240109,000000,77800,78100,77800,78100,11702
AGHIGH,d,20240110,000000,78300,78300,78260,78260,23800